party              gbp_m  donors  pct_individual  pct_company  pct_trade_union  pct_other
-----------------  -----  ------  --------------  -----------  ---------------  ---------
Conservative       372.0  7424    65.0            28.0         0.0              7.0      
Labour             284.9  2655    23.0            5.0          66.0             5.0      
Liberal Democrats  73.6   3741    54.0            32.0         0.0              14.0     
UKIP               17.5   448     48.0            51.0         0.0              2.0      
Co-operative       14.9   42      0.0             1.0          0.0              99.0     
Other parties      14.7   366     69.0            28.0         1.0              2.0      
SNP                12.7   185     98.0            2.0          0.0              1.0      
Green              3.9    231     92.0            5.0          0.0              2.0      
Plaid Cymru        2.7    85      94.0            1.0          0.0              5.0      
year  labour_gbp_m  pct_trade_union
----  ------------  ---------------
2001  12.2          80.0           
2002  11.1          61.0           
2003  15.0          54.0           
2004  15.8          69.0           
2005  21.7          55.0           
2006  12.0          72.0           
2007  20.4          56.0           
2008  17.5          54.0           
2009  15.2          64.0           
2010  20.9          65.0           
2011  12.0          84.0           
2012  12.1          74.0           
2013  13.2          62.0           
2014  18.7          58.0           
2015  21.5          70.0           
2016  13.9          66.0           
2017  20.1          85.0           
2018  7.4           84.0           
2019  4.1           85.0           
